155
0 344
3951 53602 28809 53941 48814 45358 11007 80118 28604 15755 35444 87833 25170 65211 1177 62860 35319 27615 84835 59278 42434 89805 70381 81264 86920 60041 20380 71381 54810 84637 5683 94267 72715 4731 6973 86242 65856 77669 89610 11917 3313 34608 46257 30475 91648 17983 39752 99650 80160 75458 54534 84991 34505 18369 83832 65316 35983 3342 95567 38494 34541 20438 67555 99630 93817 96897 8024 28322 79283 71846 45572 42800 83261 99567 19369 48946 59126 29655 14769 10284 52090 59703 54633 6093 96284 20886 40455 85982 8930 86227 52050 13782 52583 21671 71589 35512 37925 6600 62436 80909 1734 88953 45680 2500 93078 64658 37116 74985 41060 93968 74784 35661 41289 37567 87332 693 77763 67516 38069 23954 42126 89917 9027 50317 93442 30262 73467 50872 42332 6580 44616 32366 69055 42557 7292 50047 85336 12286 23462 42234 5610 92963 97495 26528 986 71630 38677 31633 22510 7180 76197 36490 39635 81797 13975 50625 12749 55326 30407 52906 86342 89497 63263 22580 51722 4290 39496 34373 72752 2885 82252 14100 56286 24972 38183 35197 40929 4476 80354 18709 12261 28683 62989 8602 50592 76166 44402 83834 43162 45410 80191 8351 32237 7072 43658 56984 27656 39973 92380 25592 44167 386 3066 40061 38880 67463 29026 29259 19265 63214 74214 50618 70371 52465 97566 25685 63100 66827 9591 30623 92730 44902 85368 36651 52440 98726 2797 1970 54664 91345 48125 4213 27863 25355 43297 47044 80092 42729 2407 60979 82801 9441 55913 58636 2926 5325 34352 33315 71126 37903 75179 43074 10108 86636 22260 30769 92397 77738 75985 45717 62548 96727 41469 593 47842 67732 73947 2846 50523 18877 23922 38182 74650 96360 80650 74370 53706 39492 73153 83655 26092 83315 18088 94965 7563 17880 32267 4374 37367 29628 56271 6970 11006 84948 9069 17643 86413 61524 4328 8674 89603 71844 80636 85867 90797 85809 41328 85925 35107 96613 85964 71970 98633 32003 60944 73775 49538 27998 41071 22599 27933 46583 7481 79315 81433 91865 4113 65959 50394 77895 49247 39198 78361 31819 79038 24867 58955 9857 64691 64075 37940 31470 31074 12421
4 27
14716 80830 81122 29599 14304 51836 60058 50258 87330 38590 10566 10378 66572 77231 93704 99850 22452 47642 20618 25789 74405 12769 45667 45298 63122 23155 2463
23 0

27 0

37 0

56 0

59 0

61 0

66 0

69 0

71 0

72 0

80 0

81 0

82 0

85 0

87 0

100 0

112 0

125 0

140 0

151 0

157 0

158 0

164 0

178 0

184 0

191 0

202 0

209 0

233 0

239 0

241 0

242 0

244 0

245 0

270 0

304 0

316 0

323 0

332 0

343 0

350 0

366 0

387 0

388 0

390 0

393 0

428 0

443 0

447 0

455 0

466 0

472 0

476 0

478 0

491 0

495 0

506 0

522 0

536 0

543 0

565 0

566 0

569 0

575 0

589 0

594 0

597 0

600 0

602 0

607 0

626 0

630 0

646 0

650 0

653 0

665 0

669 0

676 0

687 0

690 0

693 0

708 0

709 0

715 0

717 0

736 0

772 0

773 0

779 0

793 0

795 0

798 0

805 0

808 0

813 0

844 0

848 0

854 0

894 0

902 0

933 0

936 0

944 0

952 0

959 0

969 0

970 0

971 0

972 0

21 0

32 0

39 0

45 0

60 0

62 0

64 0

83 0

91 0

105 0

117 0

118 0

121 0

128 0

135 0

142 0

148 0

150 0

155 0

160 0

174 0

179 0

197 0

200 0

212 0

217 0

222 0

231 0

232 0

234 0

247 0

252 0

267 0

268 0

273 0

292 0

320 0

333 0

335 0

336 0

356 0

358 0

359 0

389 0

